# generated by tools/gen-font-atlas.py, do not edit by hand
atlas 256 256
size 32
line 39
solid 3 3
glyph 32 6 1 0 0 0 31 21
glyph 33 7 1 4 24 6 7 21
glyph 34 12 1 9 7 5 7 21
glyph 35 22 1 19 26 1 6 21
glyph 36 42 1 15 32 3 3 21
glyph 37 58 1 19 26 1 6 21
glyph 38 78 1 19 25 1 7 21
glyph 39 98 1 4 7 3 7 21
glyph 40 103 1 7 33 8 5 21
glyph 41 111 1 8 33 7 5 21
glyph 42 120 1 13 13 5 7 21
glyph 43 134 1 15 17 3 13 21
glyph 44 150 1 6 9 2 27 21
glyph 45 157 1 9 2 6 22 21
glyph 46 167 1 6 5 2 26 21
glyph 47 174 1 16 28 2 5 21
glyph 48 191 1 17 24 2 7 21
glyph 49 209 1 16 24 3 7 21
glyph 50 226 1 16 24 2 7 21
glyph 51 1 35 15 24 3 7 21
glyph 52 17 35 17 24 2 7 21
glyph 53 35 35 15 24 3 7 21
glyph 54 51 35 17 24 2 7 21
glyph 55 69 35 16 24 2 7 21
glyph 56 86 35 17 24 2 7 21
glyph 57 104 35 17 24 2 7 21
glyph 58 122 35 6 13 2 18 21
glyph 59 129 35 6 18 2 18 21
glyph 60 136 35 15 19 3 11 21
glyph 61 152 35 13 7 3 20 21
glyph 62 166 35 15 19 3 11 21
glyph 63 182 35 15 25 1 6 21
glyph 64 198 35 18 31 1 7 21
glyph 65 217 35 21 24 0 7 21
glyph 66 239 35 16 25 2 6 21
glyph 67 1 67 18 24 1 7 21
glyph 68 20 67 18 24 2 7 21
glyph 69 39 67 17 24 2 7 21
glyph 70 57 67 16 24 2 7 21
glyph 71 74 67 18 24 2 7 21
glyph 72 93 67 17 24 2 7 21
glyph 73 111 67 16 24 2 7 21
glyph 74 128 67 15 24 3 7 21
glyph 75 144 67 17 24 2 7 21
glyph 76 162 67 16 24 2 7 21
glyph 77 179 67 18 24 1 7 21
glyph 78 198 67 16 24 2 7 21
glyph 79 215 67 19 24 1 7 21
glyph 80 235 67 17 24 3 7 21
glyph 81 1 92 19 26 1 7 21
glyph 82 21 92 17 24 2 7 21
glyph 83 39 92 16 24 3 7 21
glyph 84 56 92 17 24 2 7 21
glyph 85 74 92 16 24 2 7 21
glyph 86 91 92 19 25 1 6 21
glyph 87 111 92 21 24 0 7 21
glyph 88 133 92 19 24 1 7 21
glyph 89 153 92 18 24 1 7 21
glyph 90 172 92 16 24 2 7 21
glyph 91 189 92 10 31 6 7 21
glyph 92 200 92 16 28 2 5 21
glyph 93 217 92 10 31 6 7 21
glyph 94 228 92 17 9 2 7 21
glyph 95 1 124 19 3 1 35 21
glyph 96 21 124 7 5 7 7 21
glyph 97 29 124 16 19 2 13 21
glyph 98 46 124 16 26 3 5 21
glyph 99 63 124 16 18 2 13 21
glyph 100 80 124 16 26 2 5 21
glyph 101 97 124 16 18 2 13 21
glyph 102 114 124 17 26 2 5 21
glyph 103 132 124 16 26 2 13 21
glyph 104 149 124 15 26 3 5 21
glyph 105 165 124 16 25 3 7 21
glyph 106 182 124 11 32 4 7 21
glyph 107 194 124 15 26 3 5 21
glyph 108 210 124 15 27 3 5 21
glyph 109 226 124 19 18 1 13 21
glyph 110 1 157 15 18 3 13 21
glyph 111 17 157 17 18 2 13 21
glyph 112 35 157 16 26 3 13 21
glyph 113 52 157 16 26 2 13 21
glyph 114 69 157 16 18 3 13 21
glyph 115 86 157 16 18 2 13 21
glyph 116 103 157 16 23 1 8 21
glyph 117 120 157 15 18 3 13 21
glyph 118 136 157 16 18 2 13 21
glyph 119 153 157 19 18 1 13 21
glyph 120 173 157 18 18 1 13 21
glyph 121 192 157 17 26 2 13 21
glyph 122 210 157 16 18 2 13 21
glyph 123 227 157 14 31 3 7 21
glyph 124 242 157 4 30 8 7 21
glyph 125 1 189 15 31 3 7 21
glyph 126 17 189 17 6 2 18 21
